0 7
1 7
2 7
3 6
4 1
5 1
6 5
7 8
8 6
9 3
10 8
11 8
12 8
13 7
14 6
15 3
16 6
17 8
18 6
19 4
20 7
21 8
22 7
23 4
24 5
25 5
26 7
27 2
28 5
29 7
30 5
31 7
32 4
33 5
34 6
35 6
36 6
37 1
38 2
39 6
40 5
41 1
42 6
43 2
44 7
45 8
46 4
47 2
48 2
49 5
50 5
51 8
52 6
53 2
54 1
55 6
56 5
57 6
58 2
59 6
60 2
61 6
62 3
63 7
64 4
65 5
66 8
67 3
68 1
69 6
70 3
71 6
72 7
73 5
74 1
75 6
76 2
77 6
78 2
79 6
80 5
81 6
82 2
83 1
84 1
85 5
86 5
87 5
88 6
89 1
90 7
91 6
92 4
93 6
94 6
95 6
96 6
97 2
98 2
99 6
100 2
101 1
102 6
103 2
104 1
105 8
106 3
107 8
108 7
109 8
110 8
111 3
112 6
113 1
114 7
115 1
116 2
117 6
118 8
119 2
120 8
121 5
122 6
123 6
124 5
125 5
126 7
127 2
128 6
129 1
130 4
131 4
132 8
133 1
134 2
135 4
136 6
137 1
138 5
139 4
140 2
141 5
142 2
143 1
144 6
145 4
146 2
147 6
148 3
149 6
150 5
151 6
152 6
153 5
154 1
155 1
156 2
157 5
158 2
159 3
160 7
161 5
162 2
163 6
164 5
165 6
166 6
167 2
168 4
169 2
170 6
171 5
172 5
173 7
174 4
175 6
176 3
177 5
178 5
179 3
180 1
181 2
182 6
183 7
184 5
185 3
186 2
187 3
188 8
189 8
190 7
191 7
192 8
193 4
194 7
195 4
196 8
197 1
198 8
199 5
200 6
201 6
202 1
203 6
204 8
205 6
206 1
207 8
208 6
209 1
210 1
211 6
212 3
213 8
214 7
215 7
216 8
217 1
218 7
219 2
220 1
221 3
222 8
223 8
224 6
225 6
226 8
227 2
228 2
229 2
230 7
231 7
232 8
233 6
234 7
235 4
236 8
237 5
238 6
239 2
240 5
241 3
242 6
243 1
244 5
245 4
246 7
247 5
248 3
249 5
250 8
251 8
252 8
253 7
254 8
255 1
256 1
257 3
258 1
259 1
260 6
261 8
262 5
263 7
264 4
265 2
266 6
267 4
268 1
269 2
270 6
271 1
272 3
273 6
274 7
275 1
276 2
277 5
278 4
279 2
280 6
281 5
282 3
283 7
284 2
285 3
286 7
287 4
288 2
289 7
290 6
291 8
292 2
293 4
294 6
295 8
296 2
297 1
298 6
299 8
300 6
301 5
302 2
303 6
304 8
305 2
306 5
307 8
308 5
309 6
310 6
311 2
312 5
313 2
314 5
315 7
316 8
317 3
318 6
319 5
320 1
321 4
322 7
323 5
324 5
325 1
326 2
327 6
328 1
329 3
330 7
331 7
332 6
333 6
334 6
335 6
336 6
337 2
338 5
339 5
340 6
341 5
342 5
343 8
344 5
345 2
346 5
347 6
348 1
349 2
350 3
351 8
352 2
353 6
354 5
355 8
356 2
357 8
358 1
359 2
360 6
361 3
362 5
363 6
364 5
365 5
366 3
367 1
368 2
369 8
370 1
371 4
372 1
373 1
374 6
375 1
376 7
377 2
378 6
379 6
380 2
381 5
382 3
383 6
384 5
385 6
386 5
387 8
388 7
389 6
390 6
391 5
392 3
393 6
394 5
395 8
396 6
397 5
398 8
399 3
400 4
401 6
402 2
403 2
404 2
405 5
406 2
407 8
408 6
409 7
410 2
411 6
412 5
413 7
414 8
415 5
416 7
417 1
418 7
419 1
420 8
421 5
422 7
423 2
424 8
425 7
426 1
427 5
428 4
429 8
430 3
431 6
432 7
433 8
434 1
435 6
436 2
437 8
438 6
439 5
440 8
441 6
442 1
443 1
444 7
445 7
446 8
447 5
448 5
449 7
450 8
451 7
452 2
453 6
454 2
455 2
456 7
457 6
458 2