0 1
1 1
2 2
3 1
4 1
5 1
6 4
7 1
8 4
9 1
10 2
11 4
12 1
13 4
14 1
15 1
16 4
17 1
18 3
19 2
20 3
21 2
22 3
23 2
24 4
25 3
26 3
27 2
28 3
29 4
30 1
31 1
32 2
33 3
34 3
35 4
36 3
37 3
38 3
39 2
40 4
41 1
42 2
43 4
44 2
45 2
46 2
47 2
48 3
49 2
50 4
51 4
52 3
53 2
54 4
55 3
56 1
57 2
58 4
59 3
60 2
61 3
62 2
63 2
64 2
65 2
66 1
67 4
68 3
69 1
70 2
71 2
72 3
73 4
74 4
75 2
76 4
77 4
78 1
79 4
80 4
81 4
82 4
83 2
84 2
85 4
86 4
87 1
88 2
89 3
90 4
91 4
92 2
93 1
94 3
95 4
96 2
97 3
98 4
99 3
100 4
101 3
102 4
103 1
104 4
105 1
106 4
107 3
108 4
109 2
110 4
111 2
112 1
113 3
114 1
115 2
116 4
117 2
118 4
119 1
120 1
121 1
122 1
123 1
124 1
125 3
126 1
127 2
128 3
129 4
130 1
131 1
132 2
133 4
134 3
135 3
136 1
137 2
138 2
139 4
140 4
141 4
142 1
143 1
144 4
145 1
146 2
147 4
148 2
149 3
150 2
151 4
152 2
153 3
154 3
155 1
156 1
157 2
158 4
159 1
160 2
161 2
162 2
163 2
164 3
165 2
166 1
167 2
